265,157,327,232,1.000000
265,157,327,232,0.981266
265,157,327,232,0.962085
265,157,327,232,0.961800
265,157,327,232,0.942783
265,157,327,232,0.944286
265,157,327,231,0.946880
264,157,326,231,0.951222
265,157,327,231,0.927476
271,156,334,231,0.869016
280,154,344,230,0.894976
284,153,349,231,0.886641
288,153,353,231,0.761935
287,153,351,231,0.813052
285,153,350,232,0.855423
284,153,349,232,0.753774
282,154,346,232,0.839867
280,154,344,232,0.872061
276,154,339,231,0.918737
271,154,334,230,0.918778
265,154,327,229,0.884721
261,154,322,227,0.896173
259,154,319,226,0.859812
259,155,317,225,0.846112
258,156,315,224,0.814509
258,156,315,224,0.796860
258,156,315,224,0.807369
259,156,316,224,0.825693
262,158,319,226,0.842882
265,158,321,224,0.812595
263,157,318,222,0.856407
272,157,325,220,0.839261
283,162,334,223,0.818537
292,171,341,229,0.801989
298,181,344,237,0.780217
298,187,343,242,0.611549
300,194,344,247,0.587696
302,200,345,252,0.651972
306,204,348,255,0.567213
308,209,349,259,0.555370
308,216,348,264,0.544490
309,222,348,269,0.528664
311,227,349,273,0.509367
320,233,358,279,0.534651
326,235,364,281,0.564146
330,236,368,282,0.507572
333,238,371,284,0.587489
325,234,363,279,0.729848
310,227,348,272,0.446912
304,222,343,269,0.477370
302,218,342,266,0.667837
300,218,340,266,0.652837
301,221,341,269,0.697314
300,225,343,277,0.524185
300,238,343,290,0.577197
302,240,343,290,0.572608
305,245,345,294,0.593577
306,251,346,300,0.571105
305,254,345,302,0.557835
304,256,344,304,0.549275
304,257,343,304,0.553135
304,258,342,304,0.580103
306,259,344,305,0.629173
307,259,346,306,0.634998
309,258,348,305,0.600854
313,258,353,306,0.584541
316,261,356,309,0.590945
314,263,353,310,0.604171
311,267,350,314,0.629687
309,269,349,318,0.560837
308,268,348,317,0.601340
309,270,348,318,0.595771
308,271,346,318,0.560373
306,274,343,320,0.585216
305,275,342,321,0.576237
305,276,342,322,0.579558
306,277,343,323,0.579800
308,280,345,326,0.578920
310,281,349,330,0.549073
309,269,352,323,0.611414
313,269,353,319,0.585083
318,268,358,316,0.682724
317,271,357,319,0.736098
NaN,NaN,NaN,NaN,NaN
NaN,NaN,NaN,NaN,NaN
NaN,NaN,NaN,NaN,NaN
NaN,NaN,NaN,NaN,NaN
NaN,NaN,NaN,NaN,NaN
NaN,NaN,NaN,NaN,NaN
NaN,NaN,NaN,NaN,NaN
NaN,NaN,NaN,NaN,NaN
NaN,NaN,NaN,NaN,NaN
NaN,NaN,NaN,NaN,NaN
NaN,NaN,NaN,NaN,NaN
NaN,NaN,NaN,NaN,NaN
295,280,332,325,0.704025
301,277,338,322,0.753214
313,274,352,321,0.763022
325,270,365,318,0.749092
318,269,358,318,0.721114
304,270,344,319,0.685603
303,273,345,325,0.551566
NaN,NaN,NaN,NaN,NaN
309,263,355,318,0.674812
306,263,351,317,0.699716
305,265,349,318,0.652682
305,265,349,318,0.657100
305,265,349,318,0.653908
304,265,348,318,0.629643
305,265,349,318,0.633421
306,265,350,318,0.648886
305,265,349,318,0.651676
305,263,350,317,0.616582
304,261,351,317,0.597039
304,261,351,317,0.605253
304,261,351,317,0.601386
304,262,351,318,0.644624
304,263,350,317,0.690592
304,264,349,317,0.708736
303,264,348,318,0.717389
303,266,347,319,0.678170
303,268,347,321,0.633758
304,269,348,322,0.633674
316,271,354,317,0.722804
314,272,352,318,0.719226
313,272,352,318,0.700707
313,272,352,319,0.726911
NaN,NaN,NaN,NaN,NaN
310,267,351,316,0.674929
309,268,348,315,0.817899
309,267,347,313,0.815827
311,266,349,311,0.746303
311,265,350,311,0.660907
310,265,349,311,0.573389
296,268,335,315,0.648266
NaN,NaN,NaN,NaN,NaN
NaN,NaN,NaN,NaN,NaN
NaN,NaN,NaN,NaN,NaN
NaN,NaN,NaN,NaN,NaN
NaN,NaN,NaN,NaN,NaN
NaN,NaN,NaN,NaN,NaN
NaN,NaN,NaN,NaN,NaN
NaN,NaN,NaN,NaN,NaN
NaN,NaN,NaN,NaN,NaN
NaN,NaN,NaN,NaN,NaN
NaN,NaN,NaN,NaN,NaN
NaN,NaN,NaN,NaN,NaN
NaN,NaN,NaN,NaN,NaN
NaN,NaN,NaN,NaN,NaN
NaN,NaN,NaN,NaN,NaN
NaN,NaN,NaN,NaN,NaN
NaN,NaN,NaN,NaN,NaN
NaN,NaN,NaN,NaN,NaN
NaN,NaN,NaN,NaN,NaN
NaN,NaN,NaN,NaN,NaN
NaN,NaN,NaN,NaN,NaN
NaN,NaN,NaN,NaN,NaN
307,268,343,311,0.647910
314,267,350,310,0.636967
315,270,351,313,0.852639
312,269,350,314,0.618443
315,276,346,313,0.511252
314,275,346,313,0.481044
322,278,353,315,0.520199
332,281,363,318,0.521813
346,289,376,325,0.581984
350,297,379,332,0.548368
348,297,379,334,0.482445
345,306,374,341,0.489181
343,318,370,351,0.548220
344,327,370,358,0.588427
347,333,372,362,0.578143
353,337,377,365,0.549187
362,339,385,366,0.527312
370,343,392,369,0.588179
375,346,396,371,0.603122
381,350,401,374,0.588569
388,354,407,377,0.601375
394,357,413,380,0.602154
400,359,419,382,0.620146
404,360,423,383,0.609674
404,362,423,385,0.579318
399,364,419,388,0.573480
382,366,405,393,0.634115
362,367,386,395,0.591410
333,368,359,398,0.700866
302,376,331,410,0.711538
260,388,292,426,0.690704
246,366,279,406,0.598906
252,321,289,366,0.490184
270,287,308,333,0.495225
295,253,336,302,0.596999
311,227,354,279,0.762533
316,215,362,270,0.593662
319,206,366,262,0.785857
318,197,366,255,0.737540
306,185,359,249,0.661488
282,169,340,239,0.656861
262,160,329,240,0.607088
261,167,329,249,0.746398
257,167,325,249,0.803095
249,167,317,249,0.917096
244,171,311,252,0.923200
246,173,313,254,0.895564
247,174,314,255,0.894558
249,175,317,258,0.891478
248,176,316,258,0.868093
248,176,316,258,0.845464
248,176,316,259,0.823255
253,174,319,254,0.795169
260,177,320,250,0.828364
243,184,307,262,0.830945
218,181,293,273,0.826558
175,165,268,278,0.664334
139,168,243,294,0.661463
108,174,224,315,0.624747
88,184,213,335,0.642321
66,198,199,359,0.638158
51,204,191,374,0.607604
42,210,191,392,0.490994
30,218,188,411,0.508786
14,248,170,437,0.479184
1,258,162,454,0.475604
-4,263,158,461,0.430640
-5,266,157,464,0.436206
-4,266,157,463,0.442811
-3,266,157,462,0.457376
-2,267,157,461,0.462813
1,276,157,465,0.479724
2,281,156,467,0.495261
2,281,156,467,0.486006
3,284,155,468,0.487693
3,287,151,465,0.498289
6,287,155,466,0.464595
10,287,158,465,0.475104
11,288,160,468,0.509755
11,288,160,467,0.508907
11,286,162,468,0.544132
10,285,162,469,0.537717
9,285,161,469,0.523019
8,284,160,469,0.526754
8,285,160,470,0.521083
6,286,158,471,0.503005
5,286,157,471,0.513617
4,288,156,472,0.500859
3,289,155,473,0.505872
2,289,154,473,0.506220
3,288,156,473,0.493011
23,258,169,435,0.460238
92,167,221,324,0.527614
146,119,266,265,0.639856
202,92,297,208,0.614621
248,108,325,202,0.610731
276,136,341,216,0.694317
293,152,354,226,0.695236
302,162,360,232,0.743000
306,167,362,235,0.730706
311,170,367,237,0.901308
314,170,371,238,0.882106
318,171,375,239,0.832632
318,173,375,241,0.878428
320,174,377,243,0.871776
321,174,378,242,0.815404
322,177,380,246,0.735008
319,182,379,253,0.732483
316,182,375,252,0.840250
316,183,373,251,0.889902
318,183,374,250,0.869731
321,183,377,250,0.857159
321,183,377,250,0.837887
322,183,378,250,0.806805
323,183,379,250,0.793410
323,183,379,250,0.791894
320,183,376,250,0.813458
325,177,382,246,0.731367
325,183,384,254,0.541872
327,185,387,258,0.534696
323,186,383,259,0.665527
